33,105
33,104
33,103
33,102
33,101
33,100
33,99
33,98
33,97
33,96
33,95
33,94
33,93
33,92
33,91
33,90
33,89
33,88
33,87
33,86
33,85
33,84
33,83
33,82
33,81
33,80
33,79
33,78
33,77
33,76
33,75
33,74
33,73
33,72
33,71
33,70
33,69
33,68
33,67
33,66
33,65
33,64
33,21
33,20
33,19
33,18
33,17
33,16
33,15
33,14
33,13
33,12
33,11
33,10
33,9
33,8
33,7
33,6
33,5
33,4
33,2
33,1
33,0
31,5
31,3
31,2
27,3
27,2
27,1
27,0
26,3
26,2
26,1
26,0
4,3
4,2
4,1
4,0
3,6
3,5
3,4
3,3
3,2
42,1
3,1
42,3
3,0
2,2
2,0
40,1
1,2
1,0
40,3
1,1
0,408
1,3
0,322
0,243
0,0
2,1
2,3
34,4
34,3
33,133
33,3
43,1
43,3
0,9
0,310
0,305
0,308
0,304
0,303
0,302
0,307
0,12
0,10
0,8
0,437
0,300
0,436
0,299
0,435
0,298
0,434
0,297
0,433
0,296
0,432
0,295
0,431
0,294
0,430
0,293
0,429
0,292
0,428
0,291
0,427
0,290
0,426
0,289
0,425
0,288
0,424
0,287
0,423
0,286
0,422
0,285
0,421
0,284
0,420
0,283
0,419
0,282
0,418
0,281
0,417
0,280
0,416
0,279
0,415
0,278
0,414
0,277
0,413
0,276
0,412
0,275
0,411
0,274
0,410
33,106
33,107
33,109
33,110
33,112
33,113
33,115
33,117
33,118
33,120
33,121
33,123
33,125
33,126
33,128
33,129
33,131
33,132
33,135
33,137
33,138
33,140
33,141
33,143
33,145
33,146
33,148
33,149
33,151
33,152
33,154
33,156
33,157
33,159
33,160
33,162
33,164
33,165
33,167
33,168
33,170
33,171
33,173
33,175
33,176
33,178
33,179
33,181
33,183
33,184
33,186
33,187
33,189
33,191
33,192
33,194
33,195
33,197
33,198
33,200
33,202
33,203
33,205
33,206
33,208
33,210
33,211
33,213
33,214
33,216
33,217
33,219
33,221
33,222
33,224
33,225
33,227
33,229
33,230
33,232
33,233
33,235
33,236
33,238
33,240
33,241
34,1
34,2
40,2
42,0
42,2
43,2
43,0
40,4
40,0
34,0
33,239
33,237
33,234
33,231
33,228
33,226
33,223
33,220
33,218
33,215
33,212
33,209
33,207
33,204
33,201
33,199
33,196
33,193
33,190
33,188
33,185
33,182
33,180
33,177
33,174
33,172
33,169
33,166
33,163
33,161
33,158
33,155
33,153
33,150
33,147
33,144
33,142
33,139
33,136
33,134
33,130
33,127
33,124
33,122
33,119
33,116
33,114
33,111
33,108
0,273
0,409
0,272
0,407
0,271
0,406
0,270
0,405
0,269
0,404
0,268
0,403
0,267
0,402
0,266
0,401
0,265
0,400
0,264
0,399
0,263
0,398
0,262
0,397
0,261
0,396
0,260
0,395
0,259
0,394
0,258
0,393
0,257
0,392
0,256
0,391
0,255
0,390
0,254
0,389
0,253
0,388
0,252
0,387
0,251
0,386
0,250
0,385
0,249
0,384
0,248
0,383
0,247
0,382
0,246
0,381
0,245
0,380
0,244
0,379
0,242
0,378
0,241
0,377
0,240
0,376
0,239
0,375
0,238
0,374
0,237
0,373
0,236
0,371
0,235
0,370
0,234
0,372
0,233
0,369
0,232
0,368
0,231
0,367
0,230
0,366
0,229
0,365
0,228
0,364
0,227
0,363
0,226
0,362
0,225
0,361
0,224
0,360
0,223
0,359
0,222
0,358
0,221
0,357
0,220
0,356
0,219
0,355
0,218
0,354
0,217
0,353
0,216
0,352
0,215
0,351
0,214
0,350
0,213
0,349
0,212
0,348
0,211
0,347
0,210
0,346
0,209
0,345
0,208
0,344
0,207
0,343
0,206
0,342
0,205
0,341
0,204
0,340
0,203
0,339
0,202
0,338
0,201
0,337
0,200
0,336
0,199
0,335
0,198
0,334
0,197
0,333
0,196
0,332
0,195
0,331
0,194
0,330
0,193
0,329
0,192
0,328
0,63
0,327
0,62
0,326
0,61
0,325
0,60
0,324
0,59
0,323
0,58
0,321
0,57
0,320
0,56
0,319
0,55
0,318
0,54
0,317
0,53
0,316
0,52
0,315
0,51
0,314
0,50
0,313
0,49
0,312
0,48
0,311
0,47
0,309
0,46
0,306
0,45
0,301
0,6
0,5
0,1
0,11
0,4
0,2
0,3
0,7
